5
19.9904
25.069200000000002
24.131439999999998
26.052799999999998
25.976239999999997
25.951760000000007
25.92208
25.639120000000005
25.850720000000003
19.12912
5
5.280239999999999
5
5.644960000000001
5
5
5
5.93432
5
5
5
6.632080000000002
5
5
5
6.678000000000001
5
5
5
6.224880000000002
5
5
5
5
5
5
5
5.973280000000003
5
5
5
5.80152
5
5
20.29168
25.964479999999995
25.822960000000002
25.941679999999998
26.014879999999998
26.003119999999996
25.844480000000004
26.04896
26.003119999999996
26.04896
26.01656
25.853359999999995
26.022080000000003
26.115920000000003
26.003119999999996
25.647039999999997
25.838080000000005
26.521679999999996
26.00112
25.913120000000006
26.04896
25.815440000000002
25.161920000000002
25.98968
26.07584
25.661680000000004
26.003119999999996
25.502399999999994
17.734320000000004
25.941679999999998
25.6252
21.650400000000005
25.1316
26.01272
25.99928
25.8048
25.782400000000003
25.66216
26.003119999999996
26.01824
25.968559999999997
25.134559999999993
22.5336
25.482319999999994
25.76536
25.640159999999995
25.968559999999997
26.020399999999995
25.976239999999997
26.1428
25.826320000000003
24.564000000000007
26.04896
26.00696
26.04728
26.045119999999997
26.035519999999998
26.07584
26.035519999999998
25.98008
26.045119999999997
25.304399999999994
23.712559999999996
24.93392
15.45704
25.484560000000002
25.290080000000003
25.84232
26.045119999999997
25.95344
25.754000000000005
25.987520000000004
26.003119999999996
26.01824
25.224399999999996
26.003119999999996
26.014400000000002
25.99928
25.710160000000002
25.827200000000005
26.062399999999997
26.108240000000002
26.01184
26.003119999999996
25.993519999999997
25.940000000000005
25.99928
24.813919999999996
25.8472
25.99304
25.60544
25.9724
26.04728
25.883919999999996
25.905440000000006
24.688879999999997
25.918
25.893680000000003
25.940000000000005
25.000080000000004
26.04896
25.668800000000005
24.873760000000004
25.7444
25.4872
26.01824
26.098640000000003
25.93616
26.014400000000002
25.910960000000003
25.968559999999997
26.04896
26.00696
26.045119999999997
26.04896
26.079679999999996
25.696240000000003
23.769759999999998
25.840639999999993
25.945359999999994
26.00096
26.079679999999996
25.534239999999997
26.32056
26.112080000000006
25.70328
26.023759999999996
26.014400000000002
25.909279999999995
26.04896
25.9724
25.912959999999998
25.891999999999996
25.883919999999996
25.875199999999992
24.538560000000004
25.48032
25.514319999999998
25.9724
26.035519999999998
26.052799999999998
26.07584
25.905440000000006
26.04896
25.064
25.784079999999996
24.979760000000006
25.847839999999998
26.045119999999997
25.945520000000002
26.033839999999998
26.07584
25.90712
23.90864
25.977759999999996
25.976239999999997
25.988
25.843600000000002
26.062399999999997
26.050639999999994
25.62296
26.04088
26.00096
26.00696
26.01272
25.878560000000007
26.035519999999998
25.788399999999996
25.941679999999998
26.04896
25.13008
25.318639999999995
25.652320000000003
25.58048
25.73888
23.976399999999998
25.780880000000003
23.093199999999996
25.18616
25.782160000000005
25.832240000000006
25.790080000000003
25.64056
25.38136
16.68336
16.466319999999996
12.151679999999999
5.104559999999999
5
5
5
5
5
5
5
5
5
5
5
18.14944
25.885600000000004
25.532959999999996
21.156959999999998
26.06624
25.99136
25.940000000000005
25.874719999999996
26.014400000000002
25.968559999999997
20.573839999999997
25.941679999999998
26.003119999999996
26.07584
25.93616
26.00696
26.04896
25.90712
26.079679999999996
25.9724
26.079679999999996
25.86296
26.108240000000002
26.00696
26.175199999999997
26.045119999999997
25.88984
25.4728
26.41272
26.08352
25.882399999999997
25.847839999999998
26.07584
25.945520000000002
21.960480000000004
25.49664
25.15224
25.61032
17.449199999999998
25.665040000000005
25.119839999999996
25.458
26.043440000000004
24.8744
23.608559999999997
25.287599999999998
24.798320000000004
23.852800000000002
25.276399999999995
25.910960000000003
25.987520000000004
25.99928
25.99928
26.045119999999997
25.85168
25.79408
25.514799999999994
25.79152
26.045119999999997
25.945520000000002
25.913120000000006
26.1428
25.907600000000002
25.940000000000005
26.01824
25.878560000000007
26.1428
26.070080000000004
25.909279999999995
25.895359999999997
25.976239999999997
24.710080000000005
25.65072
25.541759999999996
25.425120000000007
25.511039999999994
25.641999999999996
25.478160000000003
13.68808
24.909600000000005
24.68464
26.052799999999998
25.964479999999995
25.8624
25.26592
23.589039999999997
25.41688
24.156000000000006
24.127359999999996
18.250880000000002
22.11936
24.974720000000005
24.973200000000006
25.4884
25.857039999999998
25.30176
24.174080000000004
25.472320000000003
23.64736
23.145200000000003
25.745919999999998
25.209760000000003
22.787599999999998
24.903839999999995
25.75208
25.468960000000003
17.44464
26.00096
25.27736
25.763600000000004
25.813199999999995
25.319360000000003
25.41608
23.200320000000005
24.48952
23.268240000000006
25.18016
24.862000000000002
23.11208
26.142719999999997
26.01272
25.70968
24.03456
23.339119999999994
24.915599999999998
26.022080000000003
25.684800000000003
25.97072
26.04896
25.945520000000002
25.76576
25.78304
24.70872
25.837760000000003
25.788080000000008
26.01824
25.368320000000004
25.818640000000002
25.99136
25.91632
25.44744
25.495599999999996
26.315039999999996
25.84232
26.01824
25.94704
26.07584
25.395359999999997
25.943839999999994
25.63568
25.97072
25.93784
25.984160000000003
25.72712
24.703760000000003
24.172960000000003
25.943199999999997
26.020399999999995
25.910799999999995
25.885600000000004
26.04896
24.299679999999995
24.6368
25.714399999999998
25.258719999999997
25.08392
25.819279999999992
25.90712
25.858720000000005
24.917119999999997
25.57624
24.584720000000004
25.880080000000007
25.738
21.745440000000002
25.468960000000003
24.104239999999997
25.43824
24.647040000000004
25.9724
25.987520000000004
25.581759999999996
26.345280000000002
25.93616
26.138960000000004
25.534239999999997
25.929919999999996
25.9724
23.70064
26.1428
26.003119999999996
25.232479999999995
24.697919999999996
24.35624
24.970160000000007
23.66688
24.614000000000004
24.730239999999995
25.640320000000003
25.447199999999995
24.65184
23.453920000000004
23.989839999999994
22.573280000000004
25.092160000000007
26.045119999999997
26.003119999999996
24.627200000000002
25.99136
25.532079999999993
25.76072
24.28624
23.617759999999997
25.138239999999996
25.09608
25.976239999999997
26.1428
25.9724
25.61464
25.9724
25.968559999999997
25.05744
25.99928
26.014400000000002
23.58536
25.770799999999994
19.998960000000004
24.828000000000003
25.968559999999997
24.142720000000004
24.642319999999998
9.950399999999998
6.431040000000003
21.98176
23.444320000000005
19.989919999999998
22.053200000000004
13.991839999999996
23.352159999999998
23.262159999999994
23.58
21.086080000000003
21.707120000000003
25.553200000000004
25.287119999999994
24.4184
25.06648
25.37536
23.577839999999995
25.160400000000003
25.50736
24.069119999999998
25.593519999999998
25.416400000000003
25.694559999999996
25.761520000000004
25.381520000000002
21.33936
5
5
5
5
8.04296
6.482960000000002
25.922240000000002
25.91632
24.149919999999995
24.87728
25.491120000000002
24.45568
24.69448
23.66456
23.46432
25.441200000000002
24.8632
22.126960000000004
16.165680000000002
13.342559999999999
22.062239999999996
21.622
23.249760000000002
23.13816
25.464640000000003
19.138959999999997
12.951920000000001
13.772799999999997
12.006
24.467840000000002
23.41856
23.340560000000004
24.047759999999997
24.710479999999997
22.534080000000003
24.865360000000003
24.96264
25.566639999999992
25.69928
25.723599999999998
25.77176
25.631440000000005
25.53
25.15312
25.57112
23.618480000000005
25.4396
24.630720000000004
24.372
23.970479999999995
23.07136
